5.718525000000000000e+04 1.624548000000000086e-05 9.491980000000000005e-07
5.718575000000000000e+04 1.547391999999999905e-05 5.789632000000000051e-07
5.718625000000000000e+04 1.505441000000000093e-06 3.944694000000000052e-07
5.718675000000000000e+04 8.236181999999999946e-07 2.756793999999999850e-07
5.718725000000000000e+04 3.459307999999999863e-06 2.555523000000000139e-07
5.718775000000000000e+04 2.260011999999999869e-06 2.583236999999999747e-07
5.718825000000000000e+04 3.459307999999999863e-06 2.555523000000000139e-07
5.718875000000000000e+04 1.339695000000000054e-05 8.724270000000000074e-07
5.718925000000000000e+04 1.323138000000000036e-05 7.131449000000000320e-07
5.718975000000000000e+04 1.323138000000000036e-05 7.131449000000000320e-07
5.719025000000000000e+04 1.624548000000000086e-05 9.491980000000000005e-07
5.719075000000000000e+04 1.314266999999999999e-06 3.910349000000000150e-07
5.719125000000000000e+04 1.505441000000000093e-06 3.944694000000000052e-07
5.719175000000000000e+04 1.101751999999999925e-06 1.648439999999999903e-07
5.719225000000000000e+04 1.320294999999999952e-06 2.117185000000000042e-07
5.719275000000000000e+04 8.236181999999999946e-07 2.756793999999999850e-07
5.719325000000000000e+04 5.315951999999999743e-07 1.407881999999999874e-07
5.719375000000000000e+04 1.505441000000000093e-06 3.944694000000000052e-07
5.719425000000000000e+04 1.624548000000000086e-05 9.491980000000000005e-07
