5.718099858999997377e+04 1.841648219008281108e-26 1.014925490889807038e-28
5.718200289000011981e+04 1.863831628901451233e-26 1.027150685659913797e-28
5.718300125000020489e+04 2.843815010000000285e-26 1.321287332207770036e-27
5.718516930000000139e+04 3.528217175999999815e-26 3.959769861692779854e-28
5.718601720999999816e+04 3.182780419999999780e-26 2.917990630000000085e-28
5.718722978000000148e+04 2.484315090000000103e-26 2.843771969999999943e-28
5.718821377000000211e+04 2.653590072499999966e-26 6.729688374999999927e-28
5.718920052800000121e+04 2.962681469999999802e-26 5.019397621249999606e-28
5.718998978000000352e+04 2.034261020000000003e-26 3.252558429999999914e-28
5.719022606500000256e+04 1.706108620554939363e-26 1.096430604877596187e-28
5.719098212000000058e+04 1.841648219008281108e-26 1.014925490889807038e-28
5.719122745500000019e+04 1.907245839999999951e-26 2.616839400000000146e-28
5.719216557599999942e+04 1.706108620554939363e-26 1.096430604877596187e-28
5.719297314000000188e+04 2.644888779999999747e-26 5.273315518545810200e-28
5.719324405666669918e+04 2.843815010000000285e-26 1.321287332207770036e-27
5.719407252000000153e+04 2.843815010000000285e-26 1.321287332207770036e-27
5.719424534999999742e+04 2.699935869999999860e-26 8.215708725835090582e-28
5.719522004250009923e+04 2.962681469999999802e-26 5.019397621249999606e-28
