5.718099858999997377e+04 2.729925000000000100e-26 4.364848220000000133e-28
5.718200289000011981e+04 2.455560939728917777e-26 1.353250510298977587e-28
5.718300125000020489e+04 3.160107529999999752e-26 4.510094062499999679e-28
5.718516930000000139e+04 3.368360296666670254e-26 8.759130498387549114e-28
5.718585717999999906e+04 3.195587519999999818e-26 5.109391089999999687e-28
5.718722978000019793e+04 3.160107529999999752e-26 4.510094062499999679e-28
5.718821376999979839e+04 2.455560939728917777e-26 1.353250510298977587e-28
5.718896903000000020e+04 2.291662807871111944e-26 1.262926858792246795e-28
5.718923935083339893e+04 3.832196411826960183e-26 2.643047836340360201e-28
5.719000619325000298e+04 3.195587519999999818e-26 5.109391089999999687e-28
5.719110478750010225e+04 3.368360296666670254e-26 8.759130498387549114e-28
5.719195498000000225e+04 3.949578190000000018e-26 8.990337580000000807e-28
5.719221822499999689e+04 3.368360296666670254e-26 8.759130498387549114e-28
5.719310859833330323e+04 3.578909500000000018e-26 3.281163949999999838e-28
5.719397677999999723e+04 3.373190389999999888e-26 1.839492828533410094e-27
5.719421965333339904e+04 3.915939210000000182e-26 1.822764092061459873e-27
5.719522004250009923e+04 2.366093715000000132e-26 3.649632740997810059e-28
