5.718525000000000000e+04 1.845295000000000092e-05 1.290810000000000055e-06
5.718575000000000000e+04 7.436518000000000363e-07 1.371000999999999956e-07
5.718625000000000000e+04 5.694683000000000039e-07 3.273677000000000205e-07
5.718675000000000000e+04 7.436518000000000363e-07 1.371000999999999956e-07
5.718725000000000000e+04 2.260011999999999869e-06 2.583236999999999747e-07
5.718775000000000000e+04 1.547391999999999905e-05 5.789632000000000051e-07
5.718825000000000000e+04 1.578688999999999930e-06 1.758093000000000124e-07
5.718875000000000000e+04 1.392750999999999949e-06 2.084356999999999981e-07
5.718925000000000000e+04 1.845295000000000092e-05 1.290810000000000055e-06
5.718975000000000000e+04 1.339695000000000054e-05 8.724270000000000074e-07
5.719025000000000000e+04 2.855293999999999839e-05 6.131752999999999863e-07
5.719075000000000000e+04 1.320294999999999952e-06 2.117185000000000042e-07
5.719125000000000000e+04 2.855293999999999839e-05 6.131752999999999863e-07
5.719175000000000000e+04 3.459307999999999863e-06 2.555523000000000139e-07
5.719225000000000000e+04 3.459307999999999863e-06 2.555523000000000139e-07
5.719275000000000000e+04 1.624548000000000086e-05 9.491980000000000005e-07
5.719325000000000000e+04 8.236181999999999946e-07 2.756793999999999850e-07
5.719375000000000000e+04 1.101751999999999925e-06 1.648439999999999903e-07
5.719425000000000000e+04 1.505441000000000093e-06 3.944694000000000052e-07
